0
1
2
3
192
193
194
195
384
385
386
387
416
417
418
419
448
449
464
465
466
470
471
474
475
476
477
478
1344
1345
1346
1347
1376
1377
1392
1393
1396
1398
1399
1432
1434
1435
1438
1440
1441
1444
1446
1447
1448
1452
1453
1454
1455
1456
1457
1458
1459
1460
1461
1462
1600
1601
1602
1603
1632
1633
1636
1637
1640
1641
1680
1681
1684
1685
1686
1690
1692
1693
1694
1698
1699
1700
1701
1702
1703
1704
1705
1706
1707
1708
1709
1710
1856
1857
1872
1873
1888
1889
1904
1905
1920
1921
1924
1926
1927
1960
1961
1962
1966
1967
1970
1972
1973
1976
1977
1980
1982
1983
1986
1987
1988
1989
1990
1991
1992
2120
2121
2124
2126
2127
2128
2129
2134
2135
2136
2140
2141
2142
2146
2147
2148
2149
2150
2151
2152
2153
2154
2164
2165
2168
2170
2171
2172
2173
2178
2180
2181
2182
2186
2187
2188
2189
2190
2191
2192
2193
2194
2195
2206
2207
2210
2211
2212
2216
2217
2220
2221
2224
2226
2228
2230
2231
2232
2233
2234
2235
2236
2237
2246
2247
2248
2252
2254
2255
2256
2257
2262
2264
2266
2267
2268
2269
2270
2271
2272
2273
2282
2283
2284
2285
2286
2287
2288
2289
2290
2291
2292
2293
2294
2295
2296
2297
2298
2299
2300
2301
2302
2303
2304
2305
2306
2307
2308
2309
2310
2311
2312
2313
2314
2315
2316
2317
2318
2319
2320
2321
2322
2323
2324
2325
2326
2327
2328
2329
2330
2331
2332
2333
2334
2335
