0
2
48
49
50
192
193
194
216
217
220
228
230
232
233
234
268
270
272
273
274
275
276
282
284
285
286
290
291
292
293
294
295
296
297
298
299
300
301
302
303
304
305
1944
1945
1946
1968
1970
1978
1980
1982
1983
2010
2012
2014
2015
2016
2020
2021
2022
2026
2028
2029
2030
2031
2036
2037
2038
2039
2040
2041
2042
2170
2171
2174
2182
2184
2186
2187
2188
2222
2224
2226
2227
2228
2229
2230
2236
2237
2238
2242
2243
2244
2248
2250
2251
2252
2253
2254
2255
2262
2263
2264
2265
2266
2267
2268
2269
2270
2271
2462
2464
2466
2467
2468
2469
2470
2476
2478
2479
2480
2484
2485
2486
2487
2488
2489
2490
2491
2492
2493
2494
2495
2496
2497
2498
2499
2516
2518
2519
2520
2521
2526
2528
2530
2531
2534
2536
2538
2539
2540
2544
2546
2548
2549
2550
2551
2552
2558
2559
2560
2561
2562
2563
2564
2565
2566
2567
2568
2580
2581
2584
2585
2586
2587
2588
2594
2596
2597
2598
2602
2604
2605
2606
2607
2612
2613
2614
2615
2616
2617
2618
2619
2620
2621
2622
2623
2624
2625
2640
2641
2642
2643
2644
2645
2646
2647
2648
2649
2650
2651
2652
2653
2654
2655
2656
2657
2658
2659
2660
2661
2662
2663
2664
2665
2666
2667
2668
2669
2670
2671
2672
2673
2674
2675
2676
2677
2678
2679
2680
2681
2682
2683
2684
2685
2686
2687
2688
2689
2690
2691
2692
2693
2694
2695
2696
2697
2698
2699
2700
2701
