0
2
48
49
50
51
52
53
336
338
384
385
386
387
388
389
672
673
674
675
676
677
720
721
722
723
724
725
768
769
770
771
772
773
816
817
818
819
820
821
828
829
830
831
832
833
840
841
842
843
844
845
846
847
848
849
850
851
2688
2689
2690
2691
2692
2693
2736
2737
2740
2741
2756
2757
2760
2762
2763
2764
2765
2812
2813
2814
2815
2816
2817
2824
2825
2828
2830
2831
2832
2833
2838
2840
2841
2842
2843
2844
2845
2846
2847
2856
2857
2858
2859
2860
2861
2862
2863
2864
2865
2866
2867
2868
2869
3100
3101
3102
3103
3104
3105
3148
3149
3152
3153
3168
3169
3172
3173
3188
3189
3192
3193
3196
3197
3200
3201
3252
3253
3256
3258
3259
3260
3261
3262
3263
3270
3271
3274
3276
3277
3278
3279
3280
3286
3288
3290
3291
3292
3293
3298
3299
3300
3301
3302
3303
3304
3305
3306
3307
3308
3309
3310
3311
3312
3313
3314
3315
3316
3317
3318
3319
3320
3620
3621
3624
3625
3640
3641
3644
3645
3660
3661
3664
3665
3668
3669
3672
3673
3724
3725
3728
3729
3744
3745
3748
3750
3751
3752
3753
3800
3801
3804
3806
3807
3808
3809
3810
3816
3817
3820
3822
3823
3824
3825
3830
3831
3834
3836
3837
3838
3839
3844
3846
3847
3850
3851
3852
3853
3854
3860
3861
3862
3863
3864
3865
3866
3867
3868
3869
3870
3871
3872
4144
4145
4148
4150
4151
4152
4153
4154
4155
4162
4163
4166
4168
4169
4170
4171
4172
4178
4180
4182
4183
4184
4185
4190
4191
4192
4193
4194
4195
4196
4197
4198
4199
4200
4201
4202
4203
4204
4205
4206
4207
4208
4209
4210
4211
4212
4236
4237
4240
4242
4243
4244
4245
4246
4247
4254
4256
4257
4258
4259
4264
4265
4266
4267
4268
4269
4270
4271
4272
4273
4274
4275
4276
4277
4278
4279
4280
4281
4282
4283
4284
4285
4308
4309
4312
4314
4315
4316
4317
4318
4324
4325
4328
4329
4332
4333
4336
4337
4340
4342
4344
4346
4347
4348
4352
4353
4354
4355
4356
4357
4358
4359
4360
4361
4362
4363
4364
4365
4366
4367
4368
4369
4370
4371
4372
4394
4395
4398
4399
4400
4401
4402
4403
4404
4405
4414
4416
4417
4418
4419
4424
4426
4427
4430
4431
4432
4436
4437
4438
4439
4440
4441
4442
4443
4444
4445
4446
4447
4448
4449
4450
4466
4467
4468
4469
4470
4471
4472
4473
4474
4475
4476
4477
4478
4479
4480
4481
4482
4483
4484
4485
4486
4487
4488
4489
4490
4491
4492
4493
4494
4495
4496
4497
4498
4499
4500
4501
4502
4503
4504
4505
4506
4507
4508
4509
4510
4511
4512
4513
4514
4515
4516
4517
4518
4519
4520
4521
4522
4523
4524
4525
4526
4527
4528
4529
4530
4531
4532
4533
4534
4535
4536
4537
4538
4539
4540
4541
4542
4543
4544
4545
4546
4547
4548
4549
4550
4551
4552
4553
4554
4555
4556
4557
4558
4559
4560
4561
