0
2
48
49
50
51
52
53
336
337
338
339
340
341
384
385
388
389
404
405
408
410
411
412
413
460
461
464
466
467
468
469
470
471
478
480
481
482
483
488
489
490
491
492
493
494
495
496
497
498
499
500
501
502
503
504
505
506
507
508
509
2808
2809
2810
2811
2812
2813
2856
2858
2859
2874
2875
2878
2880
2881
2882
2883
2884
2938
2939
2942
2944
2945
2946
2950
2951
2952
2953
2954
2955
2962
2964
2965
2966
2967
2968
2969
2970
2978
2979
2980
2981
2982
2983
2984
2985
2986
2987
2988
2989
2990
2991
3210
3211
3214
3215
3230
3231
3234
3236
3237
3238
3239
3286
3287
3290
3292
3293
3294
3295
3296
3297
3304
3305
3306
3307
3308
3309
3316
3317
3318
3319
3320
3321
3328
3330
3331
3332
3333
3334
3335
3342
3343
3344
3345
3346
3347
3348
3349
3350
3351
3352
3353
3354
3355
3622
3623
3626
3628
3629
3630
3631
3632
3633
3640
3642
3643
3644
3645
3650
3651
3652
3653
3654
3655
3656
3657
3658
3659
3660
3661
3662
3663
3664
3665
3666
3667
3668
3669
3670
3671
3694
3695
3698
3700
3701
3702
3703
3704
3710
3711
3714
3716
3717
3718
3719
3720
3726
3727
3730
3732
3733
3734
3735
3740
3742
3743
3746
3747
3748
3749
3750
3751
3758
3759
3760
3761
3762
3763
3764
3765
3766
3767
3768
3769
3770
3771
3786
3787
3790
3791
3792
3793
3794
3795
3796
3797
3806
3808
3809
3810
3811
3816
3818
3819
3820
3821
3822
3823
3830
3831
3832
3833
3834
3835
3836
3837
3838
3839
3840
3841
3842
3843
3844
3845
3846
3847
3848
3849
3870
3871
3872
3873
3874
3875
3876
3877
3878
3879
3880
3881
3882
3883
3884
3885
3886
3887
3888
3889
3890
3891
3892
3893
3894
3895
3896
3897
3898
3899
3900
3901
3902
3903
3904
3905
3906
3907
3908
3909
3910
3911
3912
3913
3914
3915
3916
3917
3918
3919
3920
3921
3922
3923
3924
3925
3926
3927
3928
3929
3930
3931
3932
3933
3934
3935
3936
3937
3938
3939
3940
3941
3942
3943
3944
3945
3946
3947
3948
3949
3950
3951
3952
3953
3954
3955
3956
3957
3958
3959
3960
3961
3962
3963
3964
3965
3966
