0
24
25
26
168
169
170
192
194
195
210
211
214
216
217
218
258
259
262
264
265
266
267
272
274
275
276
277
282
283
284
285
286
287
288
289
290
291
292
293
294
295
296
297
2052
2053
2054
2076
2078
2086
2088
2089
2090
2118
2120
2121
2124
2125
2126
2130
2131
2132
2133
2138
2139
2140
2141
2142
2143
2144
2254
2256
2257
2272
2273
2276
2278
2279
2280
2320
2321
2324
2326
2327
2328
2329
2334
2335
2336
2340
2341
2342
2346
2348
2349
2350
2351
2352
2358
2359
2360
2361
2362
2363
2364
2365
2366
2367
2368
2369
2568
2569
2572
2574
2575
2576
2577
2582
2584
2585
2586
2587
2592
2593
2594
2595
2596
2597
2598
2599
2600
2601
2602
2603
2604
2605
2606
2607
2624
2626
2628
2629
2632
2634
2635
2636
2640
2641
2644
2646
2647
2648
2652
2654
2656
2657
2658
2659
2660
2666
2667
2668
2669
2670
2671
2672
2673
2674
2675
2676
2677
2690
2691
2694
2695
2696
2697
2698
2699
2700
2708
2710
2712
2713
2714
2715
2716
2722
2723
2724
2725
2726
2727
2728
2729
2730
2731
2732
2733
2734
2735
2736
2737
2738
2739
2740
2760
2761
2762
2763
2764
2765
2766
2767
2768
2769
2770
2771
2772
2773
2774
2775
2776
2777
2778
2779
2780
2781
2782
2783
2784
2785
2786
2787
2788
2789
2790
2791
2792
2793
2794
2795
2796
2797
2798
2799
2800
2801
2802
2803
2804
2805
2806
2807
2808
2809
2810
2811
2812
2813
2814
2815
2816
2817
2818
2819
2820
2821
2822
2823
2824
2825
2826
2827
2828
2829
