0
2
48
49
144
145
160
161
162
163
192
193
194
198
199
200
201
206
207
208
209
210
211
212
1104
1106
1107
1108
1109
1110
1116
1117
1120
1121
1122
1126
1127
1202
1203
1218
1220
1228
1230
1238
1239
1254
1256
1258
1259
1260
1264
1266
1267
1270
1272
1274
1275
1276
1277
1278
1279
1280
1281
1398
1400
1402
1404
1406
1407
1434
1436
1438
1440
1441
1444
1445
1448
1450
1451
1454
1455
1456
1457
1458
1464
1465
1466
1467
1468
1469
1596
1598
1600
1602
1603
1606
1608
1610
1612
1613
1614
1615
1616
1617
1618
1619
1620
1621
1632
1634
1636
1637
1638
1639
1640
1641
1642
1643
1644
1645
1656
1658
1659
1662
1664
1665
1668
1670
1671
1674
1675
1676
1677
1678
1679
1680
1681
1682
1683
1684
1696
1697
1700
1701
1702
1703
1708
1709
1712
1713
1716
1717
1718
1719
1720
1721
1728
1729
1730
1731
1732
1733
1734
1735
1736
1737
1738
1739
1740
1741
1742
1743
1744
1745
1746
1747
1748
1749
1750
1751
1752
1753
1754
1755
1756
1757
1758
1759
