0
2
48
49
144
145
160
161
162
163
192
193
194
198
199
200
201
206
207
208
209
210
211
212
1104
1106
1107
1108
1112
1114
1116
1117
1162
1163
1178
1180
1188
1190
1198
1199
1214
1216
1218
1219
1220
1221
1222
1223
1230
1232
1234
1236
1238
1239
1240
1241
1242
1243
1244
1245
1374
1376
1378
1380
1382
1383
1410
1412
1414
1416
1418
1420
1422
1423
1426
1427
1428
1429
1430
1436
1437
1438
1439
1440
1548
1549
1552
1554
1556
1558
1560
1562
1564
1565
1566
1567
1568
1569
1570
1571
1572
1573
1574
1575
1588
1589
1592
1593
1594
1595
1596
1602
1604
1606
1608
1609
1612
1614
1615
1618
1619
1620
1621
1622
1623
1624
1625
1626
1636
1637
1640
1641
1642
1643
1648
1649
1652
1653
1656
1657
1658
1659
1660
1661
1668
1669
1670
1671
1672
1673
1674
1675
1676
1677
1678
1679
1680
1681
1682
1683
1684
1685
1686
1687
1688
1689
1690
1691
