0
1
2
3
192
193
194
195
224
226
227
242
243
246
248
249
282
283
286
288
289
290
291
292
298
300
301
302
306
307
308
309
310
311
312
313
314
315
316
1836
1837
1838
1839
1868
1870
1871
1886
1887
1890
1891
1918
1919
1922
1924
1925
1926
1930
1931
1932
1936
1937
1938
1942
1943
1944
1945
1946
1947
1948
1949
1950
2086
2088
2089
2104
2105
2108
2110
2111
2144
2145
2148
2150
2151
2152
2156
2157
2158
2159
2164
2165
2166
2170
2172
2173
2174
2178
2179
2180
2181
2182
2183
2184
2185
2186
2187
2360
2361
2364
2366
2367
2368
2369
2370
2376
2378
2379
2380
2384
2385
2386
2387
2388
2389
2390
2391
2392
2393
2394
2406
2407
2410
2411
2412
2416
2417
2420
2421
2422
2426
2427
2430
2432
2433
2436
2438
2439
2440
2444
2445
2446
2447
2448
2449
2450
2451
2452
2453
2454
2466
2468
2469
2470
2471
2476
2477
2478
2482
2484
2485
2486
2490
2491
2492
2493
2494
2495
2496
2497
2498
2499
2500
2501
2502
2503
2504
2505
2506
2507
2526
2527
2528
2529
2530
2531
2532
2533
2534
2535
2536
2537
2538
2539
2540
2541
2542
2543
2544
2545
2546
2547
2548
2549
2550
2551
2552
2553
2554
2555
2556
2557
2558
2559
2560
2561
2562
2563
2564
2565
2566
2567
2568
2569
2570
2571
2572
2573
2574
2575
2576
2577
2578
2579
2580
2581
2582
2583
2584
2585
2586
